k3 at af8489f: 14000 games
  moves vs the reference table: 6167 of 14000 games differ, results in 940
    altaria v blaziken: 282 differ, 34 results; seeds 72000000, 72000001, 72000002, 72000005, 72000008, 72000011, 72000014, 72000015, 72000017, 72000018, 72000021, 72000022, 72000023, 72000024, 72000025, 72000029, 72000030, 72000031, 72000032, 72000034, 72000038, 72000041, 72000042, 72000045, 72000047, 72000049, 72000053, 72000054, 72000055, 72000056 ...
    altaria v hydreigon: 237 differ, 40 results; seeds 72010004, 72010006, 72010008, 72010013, 72010015, 72010019, 72010020, 72010022, 72010024, 72010029, 72010030, 72010033, 72010037, 72010038, 72010040, 72010042, 72010044, 72010045, 72010048, 72010051, 72010052, 72010055, 72010058, 72010059, 72010060, 72010062, 72010063, 72010064, 72010065, 72010066 ...
    altaria v lucario: 237 differ, 19 results; seeds 72020001, 72020003, 72020005, 72020006, 72020008, 72020009, 72020012, 72020014, 72020015, 72020016, 72020018, 72020020, 72020021, 72020022, 72020024, 72020025, 72020027, 72020030, 72020034, 72020036, 72020038, 72020039, 72020040, 72020048, 72020050, 72020051, 72020055, 72020056, 72020057, 72020058 ...
    altaria v sceptile: 138 differ, 14 results; seeds 72030001, 72030002, 72030005, 72030007, 72030008, 72030010, 72030011, 72030014, 72030022, 72030026, 72030031, 72030033, 72030035, 72030036, 72030043, 72030060, 72030061, 72030063, 72030078, 72030079, 72030081, 72030083, 72030089, 72030092, 72030097, 72030117, 72030118, 72030120, 72030121, 72030122 ...
    altaria v suicune: 466 differ, 120 results; seeds 72040000, 72040001, 72040002, 72040003, 72040004, 72040005, 72040006, 72040007, 72040008, 72040009, 72040012, 72040013, 72040014, 72040015, 72040016, 72040017, 72040018, 72040019, 72040020, 72040021, 72040022, 72040023, 72040024, 72040025, 72040026, 72040027, 72040028, 72040029, 72040030, 72040031 ...
    altaria v vespiquen: 70 differ, 4 results; seeds 72050003, 72050005, 72050020, 72050031, 72050044, 72050061, 72050066, 72050067, 72050085, 72050096, 72050104, 72050119, 72050121, 72050140, 72050152, 72050153, 72050174, 72050175, 72050180, 72050189, 72050196, 72050202, 72050205, 72050208, 72050211, 72050218, 72050229, 72050230, 72050235, 72050237 ...
    altaria v weezing: 351 differ, 89 results; seeds 72060000, 72060001, 72060002, 72060004, 72060005, 72060007, 72060008, 72060009, 72060010, 72060012, 72060014, 72060016, 72060017, 72060018, 72060020, 72060021, 72060022, 72060023, 72060024, 72060025, 72060026, 72060027, 72060031, 72060032, 72060033, 72060035, 72060036, 72060037, 72060040, 72060041 ...
    blaziken v hydreigon: 132 differ, 13 results; seeds 72070000, 72070008, 72070010, 72070011, 72070017, 72070019, 72070025, 72070029, 72070034, 72070036, 72070038, 72070041, 72070043, 72070045, 72070047, 72070048, 72070053, 72070056, 72070057, 72070062, 72070063, 72070064, 72070071, 72070074, 72070077, 72070079, 72070082, 72070083, 72070085, 72070094 ...
    blaziken v lucario: 38 differ, 5 results; seeds 72080020, 72080056, 72080087, 72080100, 72080118, 72080127, 72080129, 72080135, 72080225, 72080227, 72080233, 72080249, 72080260, 72080292, 72080297, 72080307, 72080321, 72080331, 72080343, 72080348, 72080351, 72080382, 72080391, 72080402, 72080414, 72080416, 72080418, 72080419, 72080425, 72080439 ...
    blaziken v sceptile: 113 differ, 8 results; seeds 72090015, 72090017, 72090018, 72090020, 72090026, 72090027, 72090031, 72090035, 72090038, 72090039, 72090042, 72090043, 72090049, 72090050, 72090067, 72090068, 72090075, 72090076, 72090078, 72090084, 72090086, 72090090, 72090100, 72090102, 72090103, 72090106, 72090109, 72090110, 72090113, 72090116 ...
    blaziken v suicune: 447 differ, 58 results; seeds 72100000, 72100001, 72100004, 72100006, 72100007, 72100008, 72100010, 72100011, 72100012, 72100014, 72100015, 72100017, 72100019, 72100020, 72100021, 72100022, 72100023, 72100024, 72100025, 72100026, 72100027, 72100028, 72100029, 72100030, 72100031, 72100032, 72100033, 72100034, 72100035, 72100036 ...
    blaziken v vespiquen: 34 differ, 5 results; seeds 72110012, 72110018, 72110054, 72110063, 72110067, 72110077, 72110083, 72110121, 72110126, 72110143, 72110150, 72110165, 72110188, 72110203, 72110220, 72110223, 72110231, 72110242, 72110247, 72110299, 72110303, 72110316, 72110322, 72110332, 72110334, 72110362, 72110375, 72110378, 72110387, 72110395 ...
    blaziken v weezing: 280 differ, 38 results; seeds 72120001, 72120002, 72120005, 72120006, 72120010, 72120014, 72120015, 72120018, 72120019, 72120022, 72120023, 72120025, 72120026, 72120027, 72120028, 72120029, 72120032, 72120034, 72120036, 72120037, 72120039, 72120040, 72120043, 72120045, 72120048, 72120049, 72120052, 72120054, 72120055, 72120061 ...
    hydreigon v lucario: 71 differ, 3 results; seeds 72130008, 72130011, 72130038, 72130058, 72130066, 72130067, 72130073, 72130083, 72130084, 72130085, 72130101, 72130103, 72130104, 72130134, 72130144, 72130146, 72130153, 72130154, 72130155, 72130159, 72130166, 72130168, 72130194, 72130195, 72130201, 72130204, 72130223, 72130236, 72130242, 72130248 ...
    hydreigon v sceptile: 76 differ, 8 results; seeds 72140005, 72140009, 72140015, 72140019, 72140059, 72140063, 72140068, 72140078, 72140083, 72140084, 72140113, 72140124, 72140131, 72140136, 72140148, 72140161, 72140164, 72140166, 72140167, 72140171, 72140177, 72140186, 72140188, 72140191, 72140192, 72140207, 72140211, 72140212, 72140216, 72140225 ...
    hydreigon v suicune: 443 differ, 79 results; seeds 72150000, 72150001, 72150002, 72150003, 72150004, 72150005, 72150006, 72150007, 72150008, 72150009, 72150011, 72150012, 72150013, 72150014, 72150015, 72150017, 72150019, 72150020, 72150021, 72150022, 72150023, 72150024, 72150025, 72150026, 72150027, 72150028, 72150029, 72150031, 72150032, 72150033 ...
    hydreigon v vespiquen: 43 differ, 2 results; seeds 72160007, 72160020, 72160024, 72160030, 72160041, 72160061, 72160076, 72160093, 72160102, 72160122, 72160136, 72160140, 72160155, 72160162, 72160179, 72160190, 72160220, 72160249, 72160259, 72160261, 72160262, 72160275, 72160290, 72160302, 72160304, 72160310, 72160320, 72160341, 72160353, 72160357 ...
    hydreigon v weezing: 301 differ, 61 results; seeds 72170000, 72170002, 72170003, 72170004, 72170005, 72170006, 72170009, 72170010, 72170013, 72170014, 72170016, 72170018, 72170019, 72170021, 72170023, 72170024, 72170027, 72170028, 72170032, 72170035, 72170037, 72170038, 72170041, 72170043, 72170046, 72170047, 72170048, 72170050, 72170051, 72170052 ...
    lucario v suicune: 445 differ, 50 results; seeds 72190000, 72190001, 72190003, 72190004, 72190005, 72190006, 72190007, 72190008, 72190010, 72190012, 72190013, 72190014, 72190015, 72190016, 72190017, 72190018, 72190019, 72190020, 72190021, 72190022, 72190023, 72190024, 72190027, 72190028, 72190029, 72190030, 72190031, 72190032, 72190033, 72190035 ...
    lucario v weezing: 253 differ, 42 results; seeds 72210001, 72210003, 72210004, 72210005, 72210011, 72210013, 72210016, 72210018, 72210022, 72210024, 72210025, 72210028, 72210029, 72210031, 72210033, 72210034, 72210035, 72210036, 72210037, 72210038, 72210045, 72210046, 72210047, 72210048, 72210049, 72210051, 72210055, 72210057, 72210058, 72210059 ...
    sceptile v suicune: 446 differ, 53 results; seeds 72220000, 72220001, 72220002, 72220003, 72220004, 72220005, 72220006, 72220007, 72220008, 72220009, 72220011, 72220012, 72220013, 72220014, 72220015, 72220016, 72220017, 72220018, 72220019, 72220020, 72220021, 72220022, 72220023, 72220024, 72220025, 72220026, 72220028, 72220029, 72220031, 72220032 ...
    sceptile v vespiquen: 19 differ, 2 results; seeds 72230048, 72230059, 72230060, 72230064, 72230080, 72230093, 72230122, 72230152, 72230197, 72230215, 72230247, 72230265, 72230271, 72230321, 72230345, 72230365, 72230419, 72230432, 72230460
    sceptile v weezing: 229 differ, 28 results; seeds 72240000, 72240001, 72240002, 72240007, 72240010, 72240012, 72240013, 72240014, 72240015, 72240016, 72240017, 72240019, 72240020, 72240022, 72240024, 72240028, 72240029, 72240030, 72240031, 72240032, 72240033, 72240034, 72240036, 72240039, 72240041, 72240042, 72240044, 72240047, 72240049, 72240051 ...
    suicune v vespiquen: 455 differ, 68 results; seeds 72250000, 72250001, 72250002, 72250003, 72250004, 72250005, 72250006, 72250008, 72250009, 72250010, 72250012, 72250013, 72250014, 72250015, 72250016, 72250017, 72250018, 72250019, 72250020, 72250021, 72250022, 72250023, 72250024, 72250026, 72250027, 72250028, 72250029, 72250030, 72250031, 72250032 ...
    suicune v weezing: 477 differ, 80 results; seeds 72260000, 72260001, 72260002, 72260003, 72260005, 72260006, 72260007, 72260008, 72260009, 72260010, 72260011, 72260012, 72260013, 72260014, 72260015, 72260016, 72260017, 72260018, 72260019, 72260020, 72260022, 72260023, 72260024, 72260025, 72260026, 72260027, 72260028, 72260029, 72260030, 72260031 ...
    vespiquen v weezing: 84 differ, 17 results; seeds 72270008, 72270018, 72270020, 72270021, 72270023, 72270028, 72270030, 72270036, 72270037, 72270044, 72270047, 72270052, 72270053, 72270057, 72270058, 72270064, 72270097, 72270107, 72270111, 72270118, 72270123, 72270139, 72270142, 72270159, 72270170, 72270177, 72270180, 72270181, 72270182, 72270189 ...
kp3 at af8489f: 14000 games
  moves vs the reference table: 6367 of 14000 games differ, results in 855
    altaria v blaziken: 295 differ, 53 results; seeds 72000000, 72000001, 72000002, 72000005, 72000008, 72000011, 72000012, 72000014, 72000015, 72000016, 72000018, 72000023, 72000024, 72000025, 72000028, 72000029, 72000030, 72000031, 72000032, 72000034, 72000036, 72000038, 72000040, 72000041, 72000042, 72000044, 72000047, 72000048, 72000049, 72000051 ...
    altaria v hydreigon: 217 differ, 34 results; seeds 72010004, 72010006, 72010009, 72010010, 72010013, 72010015, 72010016, 72010018, 72010020, 72010022, 72010024, 72010028, 72010029, 72010030, 72010032, 72010033, 72010038, 72010040, 72010041, 72010042, 72010044, 72010047, 72010049, 72010050, 72010051, 72010052, 72010055, 72010057, 72010058, 72010060 ...
    altaria v lucario: 267 differ, 20 results; seeds 72020001, 72020003, 72020004, 72020005, 72020006, 72020008, 72020009, 72020011, 72020012, 72020014, 72020015, 72020016, 72020018, 72020019, 72020020, 72020021, 72020024, 72020025, 72020027, 72020028, 72020029, 72020030, 72020031, 72020033, 72020034, 72020038, 72020040, 72020042, 72020045, 72020047 ...
    altaria v sceptile: 152 differ, 12 results; seeds 72030001, 72030002, 72030005, 72030006, 72030008, 72030010, 72030012, 72030017, 72030022, 72030031, 72030034, 72030036, 72030042, 72030063, 72030069, 72030073, 72030076, 72030078, 72030080, 72030082, 72030086, 72030089, 72030091, 72030092, 72030097, 72030104, 72030106, 72030111, 72030118, 72030120 ...
    altaria v suicune: 471 differ, 81 results; seeds 72040000, 72040001, 72040002, 72040003, 72040004, 72040005, 72040006, 72040007, 72040008, 72040009, 72040011, 72040012, 72040013, 72040014, 72040015, 72040016, 72040017, 72040018, 72040019, 72040020, 72040021, 72040022, 72040023, 72040024, 72040025, 72040026, 72040028, 72040029, 72040030, 72040031 ...
    altaria v vespiquen: 63 differ, 3 results; seeds 72050003, 72050020, 72050026, 72050031, 72050056, 72050066, 72050073, 72050082, 72050085, 72050099, 72050101, 72050104, 72050105, 72050130, 72050137, 72050140, 72050152, 72050153, 72050162, 72050174, 72050189, 72050192, 72050196, 72050205, 72050206, 72050211, 72050212, 72050229, 72050235, 72050237 ...
    altaria v weezing: 355 differ, 96 results; seeds 72060000, 72060001, 72060002, 72060004, 72060007, 72060008, 72060009, 72060010, 72060012, 72060013, 72060015, 72060016, 72060017, 72060018, 72060020, 72060021, 72060022, 72060023, 72060024, 72060025, 72060031, 72060032, 72060033, 72060035, 72060037, 72060038, 72060039, 72060041, 72060042, 72060043 ...
    blaziken v hydreigon: 123 differ, 23 results; seeds 72070010, 72070011, 72070015, 72070017, 72070019, 72070021, 72070034, 72070036, 72070037, 72070043, 72070044, 72070047, 72070048, 72070053, 72070054, 72070056, 72070059, 72070060, 72070061, 72070071, 72070074, 72070080, 72070082, 72070083, 72070085, 72070100, 72070108, 72070109, 72070113, 72070115 ...
    blaziken v lucario: 39 differ, 2 results; seeds 72080067, 72080087, 72080098, 72080099, 72080100, 72080129, 72080158, 72080177, 72080191, 72080203, 72080219, 72080222, 72080227, 72080233, 72080249, 72080255, 72080260, 72080263, 72080276, 72080277, 72080290, 72080307, 72080361, 72080382, 72080388, 72080391, 72080395, 72080402, 72080419, 72080430 ...
    blaziken v sceptile: 121 differ, 11 results; seeds 72090015, 72090017, 72090018, 72090020, 72090024, 72090026, 72090030, 72090031, 72090032, 72090035, 72090039, 72090042, 72090043, 72090049, 72090050, 72090053, 72090068, 72090070, 72090075, 72090076, 72090078, 72090084, 72090086, 72090100, 72090102, 72090103, 72090106, 72090109, 72090110, 72090113 ...
    blaziken v suicune: 451 differ, 68 results; seeds 72100000, 72100001, 72100004, 72100005, 72100006, 72100007, 72100008, 72100010, 72100011, 72100012, 72100014, 72100015, 72100016, 72100017, 72100019, 72100020, 72100021, 72100022, 72100023, 72100024, 72100025, 72100026, 72100027, 72100028, 72100029, 72100030, 72100031, 72100032, 72100033, 72100034 ...
    blaziken v vespiquen: 38 differ, 4 results; seeds 72110012, 72110022, 72110024, 72110039, 72110053, 72110063, 72110066, 72110077, 72110083, 72110092, 72110143, 72110145, 72110150, 72110154, 72110165, 72110169, 72110188, 72110220, 72110233, 72110247, 72110290, 72110296, 72110299, 72110303, 72110316, 72110319, 72110322, 72110334, 72110362, 72110378 ...
    blaziken v weezing: 304 differ, 57 results; seeds 72120001, 72120002, 72120010, 72120011, 72120013, 72120014, 72120015, 72120016, 72120018, 72120019, 72120020, 72120022, 72120023, 72120026, 72120027, 72120028, 72120029, 72120030, 72120032, 72120033, 72120034, 72120036, 72120037, 72120039, 72120040, 72120043, 72120044, 72120045, 72120047, 72120048 ...
    hydreigon v lucario: 75 differ, 3 results; seeds 72130001, 72130006, 72130008, 72130016, 72130020, 72130024, 72130035, 72130044, 72130058, 72130067, 72130092, 72130098, 72130103, 72130113, 72130125, 72130136, 72130141, 72130144, 72130146, 72130153, 72130155, 72130159, 72130166, 72130175, 72130182, 72130187, 72130194, 72130195, 72130201, 72130204 ...
    hydreigon v sceptile: 103 differ, 9 results; seeds 72140012, 72140015, 72140016, 72140019, 72140023, 72140037, 72140039, 72140048, 72140051, 72140059, 72140063, 72140064, 72140068, 72140078, 72140083, 72140092, 72140115, 72140130, 72140131, 72140144, 72140148, 72140161, 72140164, 72140167, 72140171, 72140173, 72140177, 72140182, 72140188, 72140191 ...
    hydreigon v suicune: 454 differ, 52 results; seeds 72150000, 72150001, 72150002, 72150003, 72150004, 72150005, 72150006, 72150007, 72150008, 72150009, 72150011, 72150012, 72150013, 72150014, 72150015, 72150016, 72150017, 72150018, 72150019, 72150020, 72150021, 72150022, 72150023, 72150024, 72150026, 72150027, 72150028, 72150029, 72150030, 72150031 ...
    hydreigon v vespiquen: 57 differ, 5 results; seeds 72160001, 72160007, 72160010, 72160020, 72160021, 72160030, 72160041, 72160042, 72160050, 72160054, 72160058, 72160061, 72160068, 72160069, 72160082, 72160093, 72160099, 72160102, 72160140, 72160152, 72160156, 72160166, 72160180, 72160185, 72160187, 72160190, 72160205, 72160220, 72160249, 72160254 ...
    hydreigon v weezing: 278 differ, 67 results; seeds 72170000, 72170005, 72170006, 72170008, 72170011, 72170013, 72170014, 72170018, 72170023, 72170024, 72170026, 72170027, 72170030, 72170031, 72170035, 72170037, 72170039, 72170041, 72170043, 72170047, 72170048, 72170049, 72170051, 72170052, 72170055, 72170056, 72170057, 72170058, 72170059, 72170060 ...
    lucario v suicune: 459 differ, 12 results; seeds 72190000, 72190001, 72190002, 72190003, 72190004, 72190005, 72190006, 72190007, 72190008, 72190009, 72190010, 72190011, 72190012, 72190013, 72190014, 72190015, 72190016, 72190017, 72190018, 72190020, 72190021, 72190022, 72190023, 72190024, 72190026, 72190027, 72190028, 72190029, 72190030, 72190031 ...
    lucario v weezing: 289 differ, 59 results; seeds 72210004, 72210005, 72210006, 72210007, 72210011, 72210014, 72210015, 72210016, 72210017, 72210018, 72210020, 72210024, 72210027, 72210028, 72210029, 72210030, 72210031, 72210033, 72210034, 72210035, 72210036, 72210037, 72210038, 72210039, 72210041, 72210045, 72210046, 72210047, 72210048, 72210049 ...
    sceptile v suicune: 464 differ, 37 results; seeds 72220000, 72220001, 72220002, 72220003, 72220004, 72220005, 72220006, 72220008, 72220009, 72220010, 72220011, 72220012, 72220013, 72220014, 72220015, 72220016, 72220017, 72220018, 72220019, 72220020, 72220021, 72220022, 72220023, 72220024, 72220025, 72220026, 72220031, 72220032, 72220033, 72220034 ...
    sceptile v vespiquen: 19 differ, 1 results; seeds 72230027, 72230060, 72230064, 72230129, 72230197, 72230209, 72230215, 72230221, 72230271, 72230293, 72230344, 72230345, 72230365, 72230371, 72230381, 72230434, 72230448, 72230460, 72230490
    sceptile v weezing: 240 differ, 28 results; seeds 72240000, 72240002, 72240004, 72240005, 72240006, 72240007, 72240010, 72240014, 72240018, 72240019, 72240022, 72240024, 72240031, 72240032, 72240034, 72240036, 72240038, 72240041, 72240042, 72240043, 72240044, 72240047, 72240050, 72240052, 72240053, 72240055, 72240057, 72240059, 72240063, 72240065 ...
    suicune v vespiquen: 464 differ, 27 results; seeds 72250000, 72250001, 72250002, 72250003, 72250004, 72250005, 72250006, 72250007, 72250008, 72250009, 72250010, 72250011, 72250012, 72250013, 72250014, 72250015, 72250016, 72250017, 72250018, 72250019, 72250020, 72250021, 72250022, 72250023, 72250024, 72250025, 72250026, 72250027, 72250028, 72250029 ...
    suicune v weezing: 478 differ, 71 results; seeds 72260000, 72260001, 72260002, 72260003, 72260004, 72260005, 72260006, 72260007, 72260008, 72260010, 72260011, 72260012, 72260013, 72260014, 72260015, 72260016, 72260018, 72260019, 72260020, 72260022, 72260023, 72260024, 72260025, 72260026, 72260027, 72260028, 72260029, 72260030, 72260031, 72260032 ...
    vespiquen v weezing: 91 differ, 20 results; seeds 72270008, 72270018, 72270020, 72270021, 72270023, 72270026, 72270030, 72270032, 72270036, 72270037, 72270044, 72270051, 72270058, 72270061, 72270062, 72270084, 72270094, 72270103, 72270104, 72270107, 72270112, 72270123, 72270142, 72270147, 72270151, 72270154, 72270155, 72270156, 72270165, 72270174 ...
